+---+---+---+---+---+---+---+---+---+
|   | 3 | 6 |   | 5 |   |   | 8 | 9 |
+---+---+---+---+---+---+---+---+---+
| 2 | 5 | 4 | 1 | 8 | 9 |   |   | 6 |
+---+---+---+---+---+---+---+---+---+
| 1 | 8 | 9 |   | 3 |   | 2 | 5 |   |
+---+---+---+---+---+---+---+---+---+
|   | 6 | 2 | 5 |   |   |   |   | 7 |
+---+---+---+---+---+---+---+---+---+
|   |   | 1 | 8 | 9 |   | 3 |   |   |
+---+---+---+---+---+---+---+---+---+
|   | 9 |   |   |   | 2 | 5 |   |   |
+---+---+---+---+---+---+---+---+---+
| 6 | 2 | 5 | 4 |   | 8 | 9 | 7 | 3 |
+---+---+---+---+---+---+---+---+---+
| 4 |   | 8 | 9 |   |   |   |   | 5 |
+---+---+---+---+---+---+---+---+---+
|   | 7 |   |   | 2 | 5 |   | 1 | 8 |
+---+---+---+---+---+---+---+---+---+